=== CINEMA places, seed 20260908 ===
place                                origin (x,y,z)                 axis   ground
collar                      0.00      0.00      0.00     1.00   0.00   0.00     0.16
headframe                   0.00      0.00      0.00     1.00   0.00   0.00     0.16
gantry                    -19.00      0.00     -3.00     1.00   0.00   0.00     0.16
gate                      -34.00      0.00      4.50     1.00   0.00   0.00     0.25
b:winding_house            11.50      0.00    -15.00     1.00   0.00   0.00     0.17
b:boiler_house             22.00      0.00    -17.50     0.00   0.00   1.00     0.17
b:fan_house               -11.50      0.00    -21.00     1.00   0.00   0.00     0.17
b:service_bay             -19.00      0.00     -3.00     1.00   0.00   0.00     0.16
b:store                   -27.00      0.00     11.00     1.00   0.00   0.00     0.17
z:charge_row              -21.00      0.00      7.00     1.00   0.00   0.00     0.17
z:container_row            20.00      0.00     15.50     0.00   0.00   1.00     0.16
z:tank_farm                 6.00      0.00     18.50     0.00   0.00   1.00     0.17
z:spares                   -6.00      0.00     14.50     0.00   0.00   1.00     0.17
z:drums                   -17.00      0.00     20.00     1.00   0.00   0.00     0.16
z:scrap                    23.50      0.00     -3.00     1.00   0.00   0.00     0.17
z:pallets                 -26.50      0.00    -18.00     0.00   0.00   1.00     0.17
z:transformer              -3.50      0.00    -20.50     1.00   0.00   0.00     0.17
z:muster                   -6.50      0.00      4.00     1.00   0.00   0.00     0.17
s:listening_post           -4.20      0.00      3.40     0.87   0.00   0.50     0.16
s:bench                   -19.00      0.00     -3.00     1.00   0.00   0.00     0.16
s:cradle                  -22.50      0.00     -1.50     0.00   0.00   1.00     0.15
s:course_root              33.00      0.00      0.00     1.00   0.00   0.00     0.15
road@0.0                  -78.00      0.00      4.00     1.00   0.00  -0.05     0.91
road@0.5                  -55.25      0.00      2.86     0.98   0.00  -0.18     0.28
road@1.0                  -33.00      0.00     -2.00     0.96   0.00  -0.27     0.32
walk0@0.5                 -16.50      0.00     -1.00     1.00   0.00   0.06     0.16
walk1@0.5                  -9.50      0.00     -1.50    -0.99   0.00  -0.16     0.16
walk2@0.5                  16.50      0.00      0.00     1.00   0.00   0.00     0.17
walk3@0.5                 -19.50      0.00      4.00    -0.07   0.00   1.00     0.16
walk4@0.5                 -19.00      0.00     11.00     1.00   0.00   0.00     0.16
walk5@0.5                   7.00      0.00      4.50     0.84   0.00   0.54     0.17
course:0                   33.00      0.00      0.00     1.00   0.00   0.00     0.15
course:1                   33.00      0.00      7.20     0.00   0.00   1.00     0.16
course:2                   42.60      0.00      0.00     1.00   0.00   0.00    -0.54
course:3                   52.20      0.00      0.00     1.00   0.00   0.00    -0.16
course:4                   42.60      0.00     12.00     0.00   0.00   1.00     0.30
course:5                   59.40      0.00     16.80     0.71   0.00   0.71    -0.40
course:6                   59.40      0.00     12.00     1.00   0.00   0.00    -0.42
course:7                   59.40      0.00     28.80     0.71   0.00   0.71     0.11
course:8                   69.00      0.00     26.40     0.71   0.00   0.71     1.46
course:9                   42.60      0.00     28.80     0.00   0.00   1.00    -0.26
course:10                  42.60      0.00     19.20     0.00   0.00   1.00     0.18
course:11                  57.00      0.00     14.40     0.71   0.00   0.71    -0.35
course:12                  54.60      0.00     12.00     0.71   0.00   0.71    -0.34
course:13                  71.40      0.00     28.80     0.71   0.00   0.71     2.92
course:14                  69.00      0.00     14.40     1.00   0.00   0.00     2.40
course:15                  73.80      0.00     31.20     0.71   0.00   0.71     4.08
course:16                  78.60      0.00     14.40     1.00   0.00   0.00     2.13
course:17                  49.80      0.00     26.40     0.71   0.00   0.71    -0.15
course:18                  85.80      0.00     31.20     0.71   0.00   0.71     7.66
course:19                  78.60      0.00     28.80     1.00   0.00   0.00     6.42
course:20                  69.00      0.00     21.60     0.71   0.00   0.71     0.35
course:21                  73.80      0.00     12.00     1.00   0.00   0.00     3.91
course:22                  52.20      0.00      9.60     0.00   0.00   1.00    -0.42
course:23                  59.40      0.00      0.00     1.00   0.00   0.00    -0.39
course:24                  61.80      0.00      9.60     0.71   0.00   0.71     0.79
course:25                  71.40      0.00     19.20     0.71   0.00   0.71     0.63
course:26                  78.60      0.00      9.60     1.00   0.00   0.00     2.30
col0                      -29.49      0.00    -21.23     1.00   0.00   0.00     0.17
col1                      -29.44      0.00     18.50     1.00   0.00   0.00     0.17
col2                        9.53      0.00    -25.43     1.00   0.00   0.00     0.17
col3                       24.49      0.00     14.84     1.00   0.00   0.00     0.16
col4                       26.39      0.00    -21.78     1.00   0.00   0.00     0.17
col5                       -3.28      0.00     22.41     1.00   0.00   0.00     0.17
col6                      -19.03      0.00    -13.64     1.00   0.00   0.00     0.17
col7                       17.27      0.00      1.64     1.00   0.00   0.00     0.17
col8                       35.34      0.00      0.09     1.00   0.00   0.00     0.16
col9                      -30.63      0.00      1.57     1.00   0.00   0.00     0.17
col10                       6.13      0.00     -6.74     1.00   0.00   0.00     0.17
col11                     -12.47      0.00     22.12     1.00   0.00   0.00     0.17
mast:comms                -30.00      0.00    -21.00     1.00   0.00   0.00     0.16
mast:stack                 23.00      0.00    -19.00     1.00   0.00   0.00     0.17

--- resolved shot anchors ---
t02_headframe_sky
    move from     -9.40     0.59     0.00   ground   0.17  above   0.08
    move to       -8.15     0.58     0.00   ground   0.16  above   0.07
    look from      3.00     9.16     0.00   ground   0.16  above   5.27
    look to        3.00    11.56     0.00   ground   0.16  above   7.67
t03_yard_drift
    move from     -1.20     1.88     6.10   ground   0.16  above   1.72
    move to       -1.20     1.88     7.70   ground   0.16  above   1.72
    look from    -25.00     1.17     6.40   ground   0.17  above   1.00
    look to      -25.00     1.17     6.90   ground   0.17  above   1.00
t04_rain_macro
    move from     -5.90     0.53     3.50   ground   0.17  above   0.36
    move to       -5.58     0.51     3.56   ground   0.17  above   0.34
    look from     -5.35     0.16     3.58   ground   0.16  above   0.00
    look to       -5.00     0.16     3.64   ground   0.16  above   0.00
t05_charge_line
    move from    -13.50     1.77    10.20   ground   0.17  above   1.60
    move to      -14.70     1.76     9.90   ground   0.16  above   1.60
    look from    -24.00     1.13     6.20   ground   0.18  above   0.80
    look to      -25.20     1.12     6.20   ground   0.17  above   0.79
t06_bench_machine
    move from    -17.45     0.65    -4.75   ground   0.15  above   0.50
    move to      -18.05     0.66    -5.05   ground   0.16  above   0.50
    look from    -19.00     0.94    -4.90   ground   0.16  above   0.08
    look to      -19.30     0.90    -4.90   ground   0.16  above   0.04
t07_course_posts
    move from     48.00     0.19     0.00   ground  -0.26  above   0.45
    move to       49.40     0.25     0.00   ground  -0.20  above   0.45
    look from     51.80     0.19     0.00   ground  -0.16  above   0.35
    look to       52.50     0.21     0.00   ground  -0.14  above   0.35
t12_course_alone
    move from     30.00     5.66     1.60   ground   0.16  above   5.50
    move to       30.00     5.66     0.20   ground   0.16  above   5.50
    look from     45.00     0.13     0.60   ground  -0.47  above   0.60
    look to       45.00     0.15    -0.20   ground  -0.45  above   0.60
t13_collar_above
    move from     -5.20     4.76     3.90   ground   0.16  above   4.60
    move to       -4.30     4.76     3.20   ground   0.16  above   4.49
    look from     -3.40     0.71    -0.90   ground   0.16  above   0.55
    look to       -2.60     0.56    -0.70   ground   0.16  above  -0.00
t14_descending
    move from      0.00    -0.80     0.00   ground   0.16  above   0.10
    move to        0.00    -8.80     0.00   ground   0.16  above  -1.00
    look from      0.00     6.00     0.00   ground   0.16  above   2.95
    look to        0.00     6.00     0.00   ground   0.16  above   2.95
t28_extraction_window
    move from     -2.40     2.51     3.80   ground   0.16  above   2.35
    move to       -1.60     2.46     3.00   ground   0.16  above   0.56
    look from      0.00     0.21     1.40   ground   0.16  above  -1.00
    look to        0.20     0.18     1.20   ground   0.16  above   0.49
xfail_through_the_shed
    move from      5.00     1.77   -15.00   ground   0.17  above   1.60
    move to        7.20     1.77   -15.00   ground   0.17  above   1.60
    look from     13.50     3.17   -15.00   ground   0.17  above   2.02
    look to       13.50     3.17   -15.00   ground   0.17  above   2.02
