=== t16_lamp_comes_on  21 mm  5.0 s  24 frames ===
  frame     t_s      x       y       z    step_mm   focus_m
      0   0.000   47.40    1.44   24.00       0.0     2.61
      1   0.217   47.40    1.44   24.00       1.0     2.61
      2   0.435   47.41    1.44   24.00       6.5     2.63
      3   0.652   47.42    1.44   24.00      16.0     2.66
      4   0.870   47.45    1.44   24.00      28.3     2.73
      5   1.087   47.49    1.44   24.00      42.0     2.82
      6   1.304   47.55    1.44   24.00      56.1     2.95
      7   1.522   47.62    1.44   24.00      69.6     3.10
      8   1.739   47.70    1.44   24.00      81.8     3.29
      9   1.957   47.79    1.45   24.00      91.9     3.49
     10   2.174   47.89    1.45   24.00      99.5     3.70
     11   2.391   48.00    1.45   24.00     104.3     3.93
     12   2.609   48.10    1.45   24.00     105.9     4.15
     13   2.826   48.21    1.45   24.00     104.3     4.36
     14   3.043   48.31    1.45   24.00      99.5     4.56
     15   3.261   48.40    1.45   24.00      91.9     4.75
     16   3.478   48.48    1.45   24.00      81.8     4.90
     17   3.696   48.55    1.45   24.00      69.6     5.03
     18   3.913   48.61    1.45   24.00      56.1     5.14
     19   4.130   48.65    1.45   24.00      42.0     5.21
     20   4.348   48.68    1.45   24.00      28.3     5.26
     21   4.565   48.69    1.46   24.00      16.0     5.29
     22   4.783   48.70    1.46   24.00       6.5     5.30
     23   5.000   48.70    1.46   24.00       1.0     5.30

=== t17_follow_machine  35 mm  4.0 s  24 frames ===
  frame     t_s      x       y       z    step_mm   focus_m
      0   0.000   44.96    0.56   23.49       0.0     2.40
      1   0.174   44.96    0.56   23.49       1.3     2.40
      2   0.348   44.96    0.55   23.49       8.3     2.40
      3   0.522   44.98    0.55   23.49      20.6     2.41
      4   0.696   45.02    0.55   23.49      36.3     2.43
      5   0.870   45.07    0.54   23.48      53.9     2.46
      6   1.043   45.14    0.53   23.48      72.0     2.49
      7   1.217   45.23    0.51   23.48      89.4     2.54
      8   1.391   45.34    0.49   23.47     105.0     2.59
      9   1.565   45.45    0.47   23.47     118.0     2.64
     10   1.739   45.58    0.45   23.46     127.8     2.70
     11   1.913   45.71    0.43   23.46     133.8     2.77
     12   2.087   45.84    0.41   23.45     135.9     2.83
     13   2.261   45.98    0.39   23.45     133.9     2.90
     14   2.435   46.10    0.37   23.44     127.8     2.96
     15   2.609   46.22    0.35   23.44     118.0     3.01
     16   2.783   46.32    0.33   23.43     105.0     3.06
     17   2.957   46.41    0.31   23.43      89.4     3.11
     18   3.130   46.48    0.30   23.42      72.0     3.14
     19   3.304   46.53    0.29   23.42      53.9     3.17
     20   3.478   46.57    0.29   23.42      36.3     3.19
     21   3.652   46.59    0.28   23.42      20.6     3.20
     22   3.826   46.60    0.28   23.42       8.3     3.20
     23   4.000   46.60    0.28   23.42       1.3     3.20

SKIP t18_belief_cut_plate -- identical camera to t17_follow_machine by design
=== t20_sensor_shadow  35 mm  4.0 s  24 frames ===
  frame     t_s      x       y       z    step_mm   focus_m
      0   0.000   56.40    0.22   23.80       0.0     1.90
      1   0.174   56.40    0.22   23.80       0.2     1.90
      2   0.348   56.40    0.22   23.80       1.5     1.90
      3   0.522   56.40    0.22   23.80       3.6     1.90
      4   0.696   56.41    0.22   23.81       6.3     1.90
      5   0.870   56.42    0.22   23.81       9.4     1.90
      6   1.043   56.43    0.22   23.82      12.6     1.90
      7   1.217   56.44    0.22   23.83      15.6     1.90
      8   1.391   56.46    0.22   23.84      18.3     1.90
      9   1.565   56.48    0.22   23.85      20.6     1.90
     10   1.739   56.49    0.22   23.86      22.3     1.90
     11   1.913   56.51    0.22   23.87      23.4     1.90
     12   2.087   56.53    0.22   23.88      23.7     1.90
     13   2.261   56.55    0.22   23.89      23.4     1.90
     14   2.435   56.57    0.22   23.91      22.3     1.90
     15   2.609   56.59    0.22   23.92      20.6     1.90
     16   2.783   56.61    0.22   23.93      18.3     1.90
     17   2.957   56.62    0.22   23.93      15.5     1.90
     18   3.130   56.63    0.22   23.94      12.5     1.90
     19   3.304   56.64    0.22   23.94       9.3     1.90
     20   3.478   56.65    0.22   23.95       6.3     1.90
     21   3.652   56.65    0.22   23.95       3.5     1.90
     22   3.826   56.65    0.22   23.95       1.4     1.90
     23   4.000   56.65    0.22   23.95       0.3     1.90

=== t27_wrong_direction  21 mm  3.0 s  24 frames ===
  frame     t_s      x       y       z    step_mm   focus_m
      0   0.000   46.20    1.52   22.95       0.0     9.00
      1   0.130   46.20    1.52   22.95       0.7     9.00
      2   0.261   46.20    1.52   22.95       4.4     9.00
      3   0.391   46.21    1.51   22.96      10.8     9.00
      4   0.522   46.21    1.51   22.98      19.1     9.00
      5   0.652   46.23    1.51   23.01      28.4     9.00
      6   0.783   46.24    1.50   23.04      37.9     9.00
      7   0.913   46.26    1.50   23.09      47.1     9.00
      8   1.043   46.28    1.49   23.14      55.3     9.00
      9   1.174   46.31    1.49   23.19      62.2     9.00
     10   1.304   46.33    1.48   23.25      67.3     9.00
     11   1.435   46.36    1.47   23.32      70.5     9.00
     12   1.565   46.39    1.46   23.38      71.6     9.00
     13   1.696   46.42    1.45   23.45      70.5     9.00
     14   1.826   46.44    1.45   23.51      67.3     9.00
     15   1.957   46.47    1.44   23.56      62.2     9.00
     16   2.087   46.49    1.43   23.61      55.3     9.00
     17   2.217   46.51    1.43   23.66      47.1     9.00
     18   2.348   46.52    1.42   23.69      37.9     9.00
     19   2.478   46.54    1.42   23.72      28.4     9.00
     20   2.609   46.54    1.42   23.74      19.1     9.00
     21   2.739   46.55    1.42   23.75      10.8     9.00
     22   2.870   46.55    1.42   23.75       4.4     9.00
     23   3.000   46.55    1.42   23.75       0.7     9.00

