=== THE MATCHED-CAMERA TEST ===
Ground truth is the cave spike's own recorded track,
spikes/godot/cave/shots/cinema/sequences.txt, printed at 10 mm.

--- t18_belief_cut   vs cave t17_follow_machine   (24 recorded frames) ---
  frame      belief x/y/z            cave x/y/z          dx    dy    dz   |d| mm
      0    44.96   0.56   23.49     44.96   0.56   23.49     -5    -1     0       5
      1    44.96   0.56   23.49     44.96   0.56   23.49     -4    -1     0       4
      2    44.96   0.56   23.49     44.96   0.55   23.49      5     7    -0       9
      3    44.98   0.55   23.49     44.98   0.55   23.49      5     4    -1       6
      4    45.02   0.55   23.49     45.02   0.55   23.49      1    -2    -3       3
      5    45.07   0.54   23.48     45.07   0.54   23.48      4    -1     5       6
      6    45.14   0.53   23.48     45.14   0.53   23.48      5    -2     2       6
      7    45.23   0.51   23.48     45.23   0.51   23.48      3     3    -2       5
      8    45.34   0.50   23.47     45.34   0.49   23.47     -3     5     3       7
      9    45.45   0.48   23.47     45.45   0.47   23.47      3     6    -2       7
     10    45.58   0.45   23.46     45.58   0.45   23.46     -1     5     3       5
     11    45.71   0.43   23.46     45.71   0.43   23.46      1     2    -3       4
     12    45.84   0.41   23.45     45.84   0.41   23.45      5    -1     1       5
     13    45.98   0.39   23.45     45.98   0.39   23.45     -3    -3    -5       6
     14    46.10   0.37   23.44     46.10   0.37   23.44      3    -5     0       5
     15    46.22   0.35   23.44     46.22   0.35   23.44     -1    -5    -5       7
     16    46.32   0.33   23.43     46.32   0.33   23.43      2    -2     1       3
     17    46.41   0.31   23.43     46.41   0.31   23.43      0     3    -3       4
     18    46.48   0.30   23.42     46.48   0.30   23.42      1     0     4       5
     19    46.53   0.29   23.42     46.53   0.29   23.42      5     1     2       5
     20    46.57   0.29   23.42     46.57   0.29   23.42      0    -5     1       5
     21    46.59   0.28   23.42     46.59   0.28   23.42      1     2     0       2
     22    46.60   0.28   23.42     46.60   0.28   23.42     -1     0    -0       1
     23    46.60   0.28   23.42     46.60   0.28   23.42      0    -0     0       0
  RMS 5 mm, worst 9 mm

--- t20_sensor_shadow   vs cave t20_sensor_shadow   (24 recorded frames) ---
  frame      belief x/y/z            cave x/y/z          dx    dy    dz   |d| mm
      0    56.40   0.22   23.80     56.40   0.22   23.80     -1    -1     2       2
      1    56.40   0.22   23.80     56.40   0.22   23.80     -0    -1     2       2
      2    56.40   0.22   23.80     56.40   0.22   23.80      1    -1     2       3
      3    56.40   0.22   23.80     56.40   0.22   23.80      4    -1     4       6
      4    56.41   0.22   23.81     56.41   0.22   23.81     -1    -1    -2       3
      5    56.42   0.22   23.81     56.42   0.22   23.81     -2    -1     2       4
      6    56.43   0.22   23.82     56.43   0.22   23.82     -2    -1    -1       2
      7    56.44   0.22   23.83     56.44   0.22   23.83      2    -1    -3       4
      8    56.46   0.22   23.84     56.46   0.22   23.84     -3    -1    -4       5
      9    56.48   0.22   23.85     56.48   0.22   23.85     -5    -1    -3       6
     10    56.49   0.22   23.86     56.49   0.22   23.86      4    -1    -2       5
     11    56.51   0.22   23.87     56.51   0.22   23.87      4    -1     0       5
     12    56.53   0.22   23.88     56.53   0.22   23.88      5    -1     2       5
     13    56.55   0.22   23.89     56.55   0.22   23.89      5    -1     5       7
     14    56.57   0.22   23.91     56.57   0.22   23.91      4    -1    -4       6
     15    56.59   0.22   23.92     56.59   0.22   23.92      2    -1    -4       4
     16    56.61   0.22   23.93     56.61   0.22   23.93     -3    -1    -4       5
     17    56.62   0.22   23.93     56.62   0.22   23.93      1    -1     3       4
     18    56.63   0.22   23.94     56.63   0.22   23.94      2    -2    -0       2
     19    56.64   0.22   23.94     56.64   0.22   23.94     -0    -2     4       4
     20    56.65   0.22   23.95     56.65   0.22   23.95     -5    -2    -3       6
     21    56.65   0.22   23.95     56.65   0.22   23.95     -1    -2    -1       3
     22    56.65   0.22   23.95     56.65   0.22   23.95      0    -2    -1       2
     23    56.65   0.22   23.95     56.65   0.22   23.95      0    -2    -1       2
  RMS 4 mm, worst 7 mm

